# Created by Octave 3.8.1, Tue Apr 21 16:34:44 2015 UTC <karan173@localhost>
# name: h
# type: matrix
# rows: 3
# columns: 6
 1 2 3 4 5 6
 2 3 4 5 6 7
 3 4 5 6 7 8


